tersoff_nn_direct_v2
pair_cutoff_function tersoff
nn_cutoff_function tersoff
num_types 1
dim_embed_per_atom 3
rmin 1.688199520111084
rmax 3.4999983310699463
bigr_table 1
3.25
bigd_table 1
0.25
p_table 1
0.56762456893920898
embedding 3
0.28710675239562988 0.05869019404053688 0.59845942258834839
xi_layers 3
layer 32 12 1 silu
0.35281974077224731 -0.59831750392913818 0.67263084650039673 -0.03838498517870903 0.20941086113452911 0.16466516256332397 -0.10928190499544144 0.12679317593574524
-0.16016504168510437 0.044931724667549133 -0.11831016838550568 -0.22382141649723053 0.17050009965896606 0.60129803419113159 -0.55400240421295166 0.17760962247848511
-0.02689187228679657 0.39806953072547913 0.1841340959072113 -0.11375892162322998 0.19320918619632721 -0.012230291962623596 0.23549027740955353 -0.099482528865337372
-0.41335996985435486 0.32319086790084839 -0.79075151681900024 0.2064022570848465 -0.10426179319620132 0.28374651074409485 -0.12348497658967972 -0.083702020347118378
-0.14130963385105133 0.25901472568511963 0.0086115496233105659 0.21064037084579468 0.24858628213405609 0.036590155214071274 0.5153580904006958 -0.29724210500717163
0.1821725070476532 -0.17577458918094635 -0.064978659152984619 0.053192313760519028 -0.068555466830730438 -0.22624930739402771 0.05496206134557724 -0.32109028100967407
0.19271467626094818 -0.57533890008926392 0.82144057750701904 -0.22459959983825684 0.21788774430751801 0.12609753012657166 -0.23617549240589142 0.044609252363443375
-0.24168139696121216 -0.24117289483547211 -0.27287006378173828 -0.095450296998023987 0.35724455118179321 -0.60486865043640137 0.36726787686347961 -0.10838563740253448
-0.31846132874488831 -0.059860344976186752 -0.12531545758247375 0.043761219829320908 -0.13039810955524445 0.13586646318435669 -0.24260377883911133 -0.12390462309122086
-0.47767415642738342 0.84812831878662109 0.061905853450298309 0.13324189186096191 -0.18769177794456482 0.056282129138708115 -0.21472282707691193 -0.19797240197658539
0.073268815875053406 -0.34013351798057556 0.13211852312088013 -0.082523263990879059 -1.9015392065048218 0.49922969937324524 0.16346068680286407 0.33396047353744507
-0.12515442073345184 -0.0017544848378747702 -0.078300505876541138 0.12900477647781372 0.30826491117477417 0.19150410592556 0.069970369338989258 0.14915227890014648
-0.21001635491847992 0.16794666647911072 -1.0545872449874878 -0.39252790808677673 -0.41315752267837524 -0.49621495604515076 -0.13780577480792999 -0.16205520927906036
-0.44183692336082458 -0.60152322053909302 -0.10366896539926529 -0.57047110795974731 0.100357785820961 0.66977226734161377 -0.070185452699661255 -0.19490030407905579
0.19435836374759674 0.033287461847066879 -0.28006660938262939 -0.047537144273519516 0.047355122864246368 -0.038844000548124313 -0.20726265013217926 -0.32007268071174622
0.32683587074279785 0.55829840898513794 -0.31821510195732117 -0.028522992506623268 -0.43760111927986145 -0.12031148374080658 -0.29735088348388672 -0.41416656970977783
-0.0096102636307477951 0.059444546699523926 -0.19225403666496277 -0.030273949727416039 0.62630623579025269 0.15703240036964417 -1.1292573213577271 0.35707199573516846
0.39820167422294617 0.42308920621871948 0.071271426975727081 0.049947258085012436 0.41934835910797119 0.41526266932487488 0.15037168562412262 -0.022109176963567734
0.23248578608036041 -0.45154362916946411 0.90627169609069824 0.17447978258132935 -0.17400111258029938 -0.21686159074306488 -0.24273115396499634 0.02205444872379303
0.088652431964874268 -0.111455999314785 -0.0056210183538496494 -0.10982531309127808 -0.354543536901474 0.50756162405014038 -0.35743921995162964 -0.057437300682067871
-0.009341713972389698 0.14716903865337372 0.33814093470573425 -0.074518494307994843 0.19568537175655365 0.10728232562541962 0.19998884201049805 -0.16809967160224915
-0.69770193099975586 -1.7968425750732422 0.26380497217178345 0.31841611862182617 -0.056137043982744217 0.22657966613769531 0.38321012258529663 0.054688412696123123
0.13873100280761719 0.51711779832839966 0.42666754126548767 0.070033662021160126 -0.33052721619606018 0.35814380645751953 0.70088011026382446 -0.27957785129547119
0.1933780163526535 0.029569607228040695 -0.19644512236118317 0.26254951953887939 -0.03972325474023819 0.25532540678977966 -0.22411303222179413 0.21962751448154449
-0.16678299009799957 1.3328191041946411 1.4398765563964844 -0.08000357449054718 -0.2964397668838501 -0.17255564033985138 0.12564010918140411 0.11592726409435272
-0.12764436006546021 -0.18898339569568634 -0.21112756431102753 -0.016379114240407944 -0.69707995653152466 -1.8852313756942749 0.14808465540409088 0.10462422668933868
0.3554510772228241 0.052356652915477753 0.15777626633644104 0.28678131103515625 0.43802165985107422 0.35065773129463196 0.038752861320972443 0.26543760299682617
-0.020975330844521523 -0.85593229532241821 0.50605040788650513 -0.11524052917957306 0.2437899112701416 0.11999429762363434 -0.091571353375911713 0.28302523493766785
0.18158884346485138 0.016970871016383171 0.012478136457502842 -0.22821564972400665 0.53296381235122681 -0.94547742605209351 0.31183740496635437 -0.012223078869283199
-0.22497282922267914 -0.18216964602470398 0.029684251174330711 -0.091752022504806519 0.005587227176874876 -0.15906956791877747 0.022892449051141739 -0.073080301284790039
0.42300096154212952 -0.15908071398735046 0.79491698741912842 0.043191704899072647 0.1351502537727356 0.064891405403614044 -0.28760769963264465 -0.11466938257217407
-0.33199423551559448 0.043781150132417679 0.11330800503492355 -0.32319372892379761 -0.36691325902938843 0.67264896631240845 -0.31508085131645203 0.099226370453834534
-0.12588018178939819 -0.072432287037372589 0.35304078459739685 0.27641752362251282 0.30294781923294067 -0.039527479559183121 0.34387731552124023 -0.1152290478348732
-0.65998011827468872 0.55306512117385864 -0.18228687345981598 -0.43357056379318237 0.055343985557556152 -0.41601282358169556 -0.30146169662475586 0.05272148922085762
-0.29612770676612854 -0.045056402683258057 -0.03735949844121933 0.0081849964335560799 -0.17559564113616943 2.0795772075653076 1.096060037612915 -0.18399910628795624
0.10791934281587601 0.14107893407344818 -0.10680830478668213 0.13880498707294464 0.12113217264413834 -0.21696741878986359 -0.15367525815963745 -0.12453949451446533
-0.16386054456233978 0.34243771433830261 -0.72647297382354736 -0.031270630657672882 0.085127003490924835 -0.012610873207449913 0.24568904936313629 0.29901403188705444
0.062278788536787033 0.25123348832130432 0.21978352963924408 -0.054059013724327087 0.43912449479103088 -0.66002553701400757 0.99287354946136475 0.25330990552902222
0.30271625518798828 -0.12533369660377502 0.33320069313049316 -0.089585289359092712 -0.12835030257701874 0.38157200813293457 0.34636163711547852 -0.19512458145618439
-0.11719313263893127 0.040805187076330185 -0.65987801551818848 -0.052541226148605347 0.39008793234825134 0.25463899970054626 0.12767882645130157 -0.061717353761196136
0.32899966835975647 -0.077180922031402588 0.17103229463100433 -0.092992208898067474 0.43996149301528931 -0.010704163461923599 -0.90073943138122559 0.050032932311296463
0.26416015625 0.058449141681194305 0.21340717375278473 -0.0056040920317173004 0.18173061311244965 0.12686637043952942 -0.010358537547290325 0.22854551672935486
0.12198628485202789 -0.1694854199886322 -0.069371849298477173 -0.36975735425949097 -0.48284369707107544 -0.4725320041179657 -0.5430031418800354 -0.36714637279510498
-0.24194221198558807 -0.48381847143173218 -0.54703438282012939 -0.010235467925667763 -0.65049713850021362 -1.4874919652938843 0.32297271490097046 0.32498154044151306
0.46705082058906555 0.23497287929058075 0.50649547576904297 0.54545176029205322 0.3902340829372406 0.44751757383346558 0.33495652675628662 0.30173590779304504
-0.23602403700351715 0.66167396306991577 0.81929081678390503 -0.03254665806889534 -0.40874260663986206 -0.43513241410255432 -0.040101755410432816 -0.19969421625137329
-0.00075268215732648969 -0.29487612843513489 0.047668132930994034 -0.38258075714111328 0.29669323563575745 -0.35758835077285767 0.52076107263565063 -0.078807927668094635
-0.083952337503433228 0.17330670356750488 -0.25154155492782593 0.057369314134120941 -0.3318730890750885 -0.13844646513462067 0.14724282920360565 -0.3780176043510437
-0.23786616325378418 0.31366971135139465 0.24291010200977325 -0.020395370200276375 0.17598620057106018 0.13752534985542297 0.0013992623426020145 -0.082305870950222015
-0.53587150573730469 0.13082106411457062 -0.094872042536735535 0.3143756091594696 0.045017063617706299 0.38100153207778931 0.16609479486942291 -0.25067871809005737
-0.080553658306598663 0.043541915714740753 -0.14858385920524597 -0.29452437162399292 -0.12915831804275513 0.33220437169075012 0.044184435158967972 -0.26759505271911621
0.34708061814308167 -0.19440001249313354 0.35745704174041748 0.38308814167976379 -0.22599269449710846 0.0089779719710350037 -0.12720568478107452 -0.054507039487361908
layer 32 32 1 silu
0.37652435898780823 -0.30530640482902527 -0.16780132055282593 -0.092857569456100464 -0.068691298365592957 0.37900152802467346 -0.098943091928958893 -0.37846076488494873
0.34524017572402954 0.044165190309286118 -0.033705741167068481 -0.32986599206924438 0.17999185621738434 -0.056656554341316223 -1.269227147102356 0.17223928868770599
-0.1332843005657196 -1.3321523666381836 -0.07768365740776062 0.57072663307189941 0.63510382175445557 -0.19531282782554626 -0.064842939376831055 -0.17116205394268036
-0.12620308995246887 0.67782855033874512 -0.17137578129768372 -0.38928049802780151 0.180919349193573 0.0069513586349785328 0.21855917572975159 0.64390051364898682
-0.59399199485778809 0.21574828028678894 0.1026720404624939 -0.19289612770080566 -0.23806935548782349 -0.51894950866699219 0.16130083799362183 2.1870365142822266
-0.22162331640720367 0.069724805653095245 -0.046400770545005798 -0.39991635084152222 -0.052542306482791901 0.046942908316850662 0.29912534356117249 0.30443042516708374
0.065333738923072815 0.19941359758377075 0.37764823436737061 0.22806966304779053 -0.40163126587867737 0.15300478041172028 0.095842696726322174 0.015016897581517696
0.053449653089046478 -0.2394491583108902 0.11368256807327271 0.093328781425952911 -0.24131625890731812 0.0062763108871877193 0.044194560497999191 -0.090988986194133759
0.31086620688438416 -0.36893123388290405 -0.085836753249168396 0.13617497682571411 -0.17297171056270599 0.27774214744567871 -0.3154655396938324 -0.51102554798126221
0.23688690364360809 0.15473635494709015 0.18135270476341248 -0.39739453792572021 -0.11605075746774673 -0.33131486177444458 -1.7646067142486572 -0.098200000822544098
-0.29191380739212036 -1.5659146308898926 -0.17948174476623535 0.74877065420150757 0.4498831033706665 -0.20514710247516632 0.16212055087089539 -0.26240721344947815
-0.04687875509262085 0.30696576833724976 -0.27469155192375183 -0.5140531063079834 0.18931297957897186 -0.57721918821334839 0.2712022066116333 0.67449700832366943
0.1870671808719635 0.11240218579769135 -0.59077292680740356 0.1711316853761673 -0.25325480103492737 0.16683121025562286 0.19848239421844482 2.3517091274261475
-0.25505006313323975 0.075281724333763123 0.13723239302635193 -0.060622967779636383 -0.19172646105289459 0.21091097593307495 -1.3614418506622314 0.42326697707176208
0.12206775695085526 -0.82878613471984863 -0.94464635848999023 0.071634411811828613 0.70269852876663208 0.17793142795562744 -0.22901752591133118 -0.015623508952558041
-0.28635239601135254 -0.47040480375289917 -0.14429451525211334 0.25181934237480164 0.013915720395743847 -0.56558108329772949 0.33331441879272461 0.40414506196975708
-0.38942918181419373 0.084417767822742462 -0.29377192258834839 0.011408867314457893 -0.19258792698383331 -0.098083861172199249 0.34348216652870178 2.4533402919769287
0.092292092740535736 0.040825121104717255 -0.13757409155368805 -0.64093327522277832 0.12934724986553192 0.11127733439207077 -0.83313208818435669 -0.28599733114242554
0.19382232427597046 -0.78059691190719604 -0.61068391799926758 -0.045158769935369492 0.43031826615333557 -0.024137226864695549 0.25044482946395874 0.024283641949295998
-0.26579540967941284 -0.39089992642402649 -0.31853190064430237 -0.24860212206840515 -0.1754620224237442 -0.17541784048080444 0.24300025403499603 0.14480717480182648
0.077366851270198822 -0.27741917967796326 -0.077958934009075165 0.082480333745479584 -0.11111456155776978 0.31571954488754272 -0.19329996407032013 -0.49844226241111755
0.10477264225482941 0.028960667550563812 0.3410581648349762 -0.55766618251800537 0.08239610493183136 -0.34662646055221558 -1.6119315624237061 -0.2974531352519989
-0.34172156453132629 -1.6211111545562744 -0.2561553418636322 0.6136469841003418 0.32686898112297058 -0.13113562762737274 0.15256525576114655 -0.37246590852737427
-0.20021341741085052 0.13172969222068787 -0.29262885451316833 -0.52698791027069092 0.24768146872520447 -0.61640620231628418 -0.13370220363140106 0.53783231973648071
0.23762364685535431 -0.37851977348327637 -0.48850762844085693 0.13688702881336212 0.10158932954072952 0.59130299091339111 -0.1415904313325882 -0.41847875714302063
0.25238996744155884 -0.019860805943608284 -0.21328476071357727 0.060611873865127563 0.0054343878291547298 -0.1453627347946167 -0.93252569437026978 0.25069692730903625
-0.28222042322158813 -1.1294806003570557 -0.040593370795249939 0.2932356595993042 0.57239603996276855 -0.097069606184959412 -0.16011422872543335 -0.08525606244802475
-0.28818720579147339 0.58346551656723022 -0.09122169017791748 -0.4559619128704071 0.050393745303153992 -0.3716549277305603 0.39690789580345154 0.3290744423866272
0.044621068984270096 -0.56714165210723877 -0.062885001301765442 -0.088231168687343597 -0.09736093133687973 0.1778809130191803 -0.26173010468482971 0.26961639523506165
0.1232355460524559 -0.1497294157743454 0.021712526679039001 -0.4095737636089325 0.0013207931770011783 -0.46624600887298584 -1.1312136650085449 -0.42507129907608032
-0.3437449038028717 -1.3494888544082642 -0.10472887754440308 0.57773798704147339 0.23815251886844635 -0.44527482986450195 -0.17723001539707184 -0.31070712208747864
-0.45639273524284363 0.17243199050426483 -0.46738734841346741 -0.53648799657821655 0.043558273464441299 0.076388299465179443 -0.12359248846769333 0.64831757545471191
-1.4609404802322388 0.60408949851989746 0.61808449029922485 -0.47655478119850159 -2.6269729137420654 -0.37677285075187683 -0.7756008505821228 0.17253634333610535
-0.36784622073173523 -0.29896059632301331 0.17900091409683228 2.155564546585083 -3.4003798961639404 0.28565841913223267 -0.33654233813285828 -0.80116701126098633
-1.5727965831756592 0.21354462206363678 -0.63347721099853516 0.18661797046661377 -1.9550424814224243 0.034653589129447937 -0.13581199944019318 -1.585845947265625
0.50728291273117065 -1.6438262462615967 0.82655519247055054 1.4181035757064819 -0.1533975750207901 -0.25238135457038879 -1.0536773204803467 -0.44252535700798035
-0.41309282183647156 0.30022254586219788 -0.11575080454349518 -0.20091389119625092 -0.20881454646587372 -0.1054321750998497 0.12774714827537537 2.0546219348907471
-0.31699809432029724 -0.055284496396780014 -0.1891796737909317 -0.087191097438335419 -0.07577987015247345 0.22249452769756317 0.045567717403173447 0.37945014238357544
-0.12721905112266541 0.46461176872253418 0.32659727334976196 0.45260465145111084 -0.38444015383720398 0.24566851556301117 0.085564091801643372 0.016121122986078262
-0.0092484047636389732 -0.24387934803962708 0.060207124799489975 0.33076778054237366 -0.082954414188861847 0.18107543885707855 0.32007056474685669 -0.098754145205020905
-0.39252230525016785 0.16808217763900757 -0.14398409426212311 -0.035690378397703171 -0.10352291166782379 -0.14582028985023499 0.38771030306816101 2.8612642288208008
-0.21335288882255554 0.085545182228088379 -0.35314595699310303 -0.51871401071548462 -0.20187689363956451 0.24271427094936371 -0.5076642632484436 0.038971856236457825
0.079762689769268036 -0.25782343745231628 -0.24906469881534576 0.091857239603996277 0.1650228351354599 0.080524057149887085 0.21505405008792877 0.019847456365823746
-0.26032564043998718 -0.43534865975379944 -0.037333771586418152 -0.12042338401079178 -0.05281512439250946 0.13058505952358246 0.49165210127830505 0.31863135099411011
0.28942769765853882 -0.27922248840332031 0.06294027715921402 0.22319480776786804 -0.016061063855886459 0.21540439128875732 0.17692683637142181 -0.91462904214859009
0.28955289721488953 0.11048220843076706 0.036106478422880173 -0.11747017502784729 0.0442938432097435 -0.0712919682264328 -1.6948566436767578 0.06001913920044899
-0.17757530510425568 -1.5044592618942261 -0.44643509387969971 0.25256595015525818 0.27382797002792358 -0.14334367215633392 0.27824583649635315 -0.28354272246360779
-0.27364042401313782 0.60837650299072266 -0.22023406624794006 -0.51777130365371704 0.16678544878959656 -0.95453155040740967 0.15007314085960388 0.23870217800140381
-0.4665655791759491 0.38372579216957092 -0.44237831234931946 -0.046755768358707428 -0.35563868284225464 0.11607775092124939 0.13292257487773895 1.6534795761108398
-0.020595967769622803 0.26942291855812073 0.26271381974220276 0.1273292750120163 -0.29087051749229431 0.32564672827720642 -1.5364972352981567 0.15727393329143524
0.1083124577999115 -1.1520653963088989 -1.502113938331604 -0.12457837909460068 0.39169913530349731 0.22446319460868835 -0.31220504641532898 0.090561665594577789
-0.25120827555656433 -0.4626317024230957 0.05370238795876503 0.51113265752792358 -0.085971847176551819 -0.59947657585144043 0.114000603556633 0.031632784754037857
-0.24909894168376923 0.14313161373138428 -0.1203741654753685 -0.050108395516872406 0.028152765706181526 -0.11332964152097702 0.23781239986419678 2.1832399368286133
-0.26983615756034851 0.15712292492389679 -0.094878800213336945 0.068487934768199921 0.037422928959131241 0.050216890871524811 -0.16605359315872192 0.55200821161270142
-0.038027584552764893 -0.029187887907028198 0.090211480855941772 0.24345293641090393 0.11198106408119202 0.28248488903045654 0.15899865329265594 -0.051777347922325134
0.012002646923065186 -0.38764756917953491 0.014579286798834801 0.063666075468063354 -0.20186756551265717 0.059569861739873886 0.45987224578857422 0.071373604238033295
0.41668605804443359 -0.29925554990768433 -0.3335854709148407 0.25943750143051147 0.24283862113952637 0.43563494086265564 -0.3376452624797821 -0.22484317421913147
0.38239681720733643 -0.10968232899904251 -0.25621473789215088 -0.20311944186687469 0.072081267833709717 -0.071366980671882629 -0.7615087628364563 0.26780113577842712
0.013299338519573212 -0.86481088399887085 0.069376885890960693 0.63486433029174805 0.58755844831466675 -0.12079598754644394 -0.22485712170600891 -0.20774942636489868
-0.55579549074172974 0.45388320088386536 -0.34556519985198975 -0.31087103486061096 0.13826830685138702 0.11703909933567047 0.24107776582241058 0.58282935619354248
0.074706628918647766 -0.37295794486999512 -0.30255088210105896 0.19630520045757294 -0.024225475266575813 0.24571512639522552 -0.014665236696600914 -0.62866419553756714
0.075667627155780792 -0.10237511992454529 0.10150046646595001 -0.33300298452377319 0.032189242541790009 0.034221302717924118 -1.5384676456451416 0.059779610484838486
-0.22417318820953369 -1.4949719905853271 -0.4504542350769043 0.50163769721984863 0.38660836219787598 -0.10548516362905502 0.038865357637405396 -0.22594752907752991
-0.052726272493600845 0.51799106597900391 -0.26377600431442261 -0.34662964940071106 0.21736091375350952 -0.66291821002960205 0.22760093212127686 0.57610028982162476
-0.23019610345363617 0.35069200396537781 -0.60905849933624268 0.17551293969154358 -0.37158659100532532 -0.081806480884552002 0.17211915552616119 2.1966497898101807
-0.1488092839717865 0.31485328078269958 0.17702442407608032 -0.29179045557975769 -0.011358927004039288 0.33345508575439453 -1.7166602611541748 -0.402182936668396
0.13629636168479919 -1.3293907642364502 -1.3850477933883667 -0.040123309940099716 0.63359957933425903 0.14872905611991882 0.0012032869271934032 0.19751022756099701
-0.2247072160243988 -0.30286690592765808 -0.26286855340003967 0.26441612839698792 -0.042377028614282608 -0.91673153638839722 0.17203406989574432 0.19578050076961517
0.051793105900287628 0.042257495224475861 -0.16479530930519104 0.21497376263141632 -0.010758722200989723 0.013578658923506737 0.044111214578151703 2.313068151473999
-0.030115079134702682 0.10220465809106827 0.023098226636648178 0.19710414111614227 -0.38331800699234009 0.20469129085540771 -0.10297185927629471 0.62657588720321655
-0.06228121742606163 -0.092450037598609924 -0.27221208810806274 0.082821927964687347 0.55878078937530518 0.27041333913803101 -0.14755392074584961 -0.05906016007065773
-0.11480013281106949 -0.42330628633499146 -0.19683404266834259 0.33947744965553284 -0.039616208523511887 0.0694083571434021 0.61005294322967529 0.27967840433120728
0.18749982118606567 -0.31641152501106262 -0.21855200827121735 -0.079626873135566711 0.14347714185714722 0.63325625658035278 0.13828103244304657 -0.55537188053131104
0.22815081477165222 -0.06963726133108139 -0.16795960068702698 0.17621557414531708 0.049937509000301361 -0.24287997186183929 -1.3705519437789917 -0.031804848462343216
-0.13150931894779205 -1.2625206708908081 -0.17438840866088867 0.19735264778137207 0.37458711862564087 -0.30096882581710815 0.14059418439865112 -0.26167356967926025
-0.40332108736038208 0.71977353096008301 -0.091298632323741913 -0.35929152369499207 -0.040887165814638138 -0.73813861608505249 0.42826002836227417 0.30982851982116699
0.19728231430053711 -0.25834310054779053 -0.26910558342933655 0.24409845471382141 -0.14950357377529144 0.26625016331672668 -0.44174632430076599 -0.40757927298545837
0.2658093273639679 -0.21698608994483948 -0.081965796649456024 -0.15416038036346436 -0.12823008000850677 -0.48192113637924194 -0.78941655158996582 -0.056956019252538681
0.0031398336868733168 -1.0503638982772827 -0.06274869292974472 0.69586324691772461 0.23729534447193146 -0.3304409384727478 0.075398743152618408 -0.32910001277923584
-0.49983760714530945 0.29092177748680115 -0.51255589723587036 -0.65220731496810913 0.028266390785574913 -0.091813936829566956 0.092887751758098602 0.33348524570465088
0.42989876866340637 0.15696309506893158 -0.35079717636108398 0.42430886626243591 -0.062398683279752731 0.19595946371555328 0.14465272426605225 1.7763930559158325
-0.25623840093612671 0.036021661013364792 0.22478426992893219 0.32544347643852234 -0.045424196869134903 0.10320169478654861 -0.1914154589176178 0.71464341878890991
-0.13844458758831024 -0.089778266847133636 0.36125755310058594 0.39751410484313965 0.26190796494483948 0.058242682367563248 0.019182479009032249 0.01749887503683567
-0.059918425977230072 -0.39628130197525024 0.12273268401622772 0.37559416890144348 0.098157204687595367 -0.23619173467159271 0.47571587562561035 0.041160143911838531
0.5082891583442688 0.24703684449195862 -0.15828816592693329 0.090985670685768127 -0.1303379088640213 0.27990138530731201 -0.10311287641525269 0.96480810642242432
-0.14640229940414429 0.20362196862697601 -0.034853167831897736 0.12914632260799408 -0.045980039983987808 -0.0061094416305422783 -0.010427728295326233 0.78199601173400879
-0.099988669157028198 0.050929863005876541 0.35644978284835815 0.50704145431518555 0.43522071838378906 0.056223850697278976 -0.13080288469791412 -0.18016989529132843
-0.07381865382194519 -0.44231647253036499 -0.052458856254816055 0.42323273420333862 -0.13032218813896179 -0.56225639581680298 0.68568241596221924 0.090321384370326996
-0.27847734093666077 0.15742979943752289 0.077222377061843872 0.027101561427116394 -0.18359114229679108 -0.22403304278850555 -0.15550298988819122 1.60308837890625
-0.14786724746227264 -0.34654000401496887 -0.28049051761627197 0.2999095618724823 -0.023101586848497391 0.27036851644515991 0.49878841638565063 0.54541158676147461
-0.23200306296348572 0.7181052565574646 0.67294794321060181 0.48499158024787903 -0.70395654439926147 0.25527358055114746 0.17378267645835876 -0.40113437175750732
0.15345470607280731 -0.33422660827636719 0.048800643533468246 0.16798405349254608 -0.174433633685112 0.22256061434745789 0.044267170131206512 0.033057238906621933
0.18061062693595886 -0.17317681014537811 -0.15683077275753021 0.12709957361221313 0.21130827069282532 0.21534845232963562 -0.34815815091133118 -0.26468685269355774
0.30550527572631836 -0.24862724542617798 0.1458907276391983 -0.28862324357032776 -0.10955822467803955 -0.21576905250549316 -1.4284120798110962 -0.043262854218482971
-0.042046736925840378 -1.2851933240890503 0.061667237430810928 0.70975935459136963 0.55781608819961548 -0.45092767477035522 0.05522473156452179 -0.32107409834861755
-0.14189766347408295 0.35849243402481079 -0.2162613719701767 -0.36966416239738464 0.069112062454223633 -0.36682829260826111 0.023776257410645485 0.64848017692565918
-0.37709635496139526 -0.034635275602340698 -0.09483780711889267 0.050227269530296326 0.0026890495792031288 -0.026639522984623909 0.16231198608875275 2.0697677135467529
-0.010756665840744972 -0.14046947658061981 -0.32987537980079651 0.34368681907653809 -0.048158250749111176 -0.051684588193893433 0.083530977368354797 0.52518290281295776
-0.27137881517410278 0.066105663776397705 0.45706012845039368 0.39844724535942078 -0.089036524295806885 0.17017924785614014 0.037077303975820541 -0.083118259906768799
0.11174250394105911 -0.40915042161941528 0.14711491763591766 0.1977585107088089 -0.25111809372901917 -0.043256442993879318 0.21140161156654358 -0.043455455452203751
0.17271231114864349 -0.49715784192085266 -0.38430759310722351 0.14293532073497772 -0.048319827765226364 0.29984220862388611 -0.22979407012462616 -0.17560155689716339
0.082343153655529022 -0.1210152804851532 0.11365243047475815 -0.44883915781974792 0.071573160588741302 -0.4082273542881012 -1.0232272148132324 0.0065291873179376125
-0.1101299524307251 -1.2860746383666992 -0.11532572656869888 0.50373846292495728 0.54950970411300659 -0.32278534770011902 -0.10129585117101669 -0.25653895735740662
-0.26686373353004456 0.51797384023666382 -0.14426524937152863 -0.44567838311195374 0.07636435329914093 -0.054554089903831482 0.12605966627597809 0.78085947036743164
0.19512039422988892 -0.39423152804374695 -0.33554536104202271 0.24157346785068512 -0.14805357158184052 0.1657814234495163 -0.12550349533557892 -0.36525887250900269
0.40045839548110962 -0.16036395728588104 -0.029614828526973724 -0.34473848342895508 -0.050925202667713165 -0.30170139670372009 -0.97398245334625244 0.12565857172012329
-0.12922792136669159 -0.89068722724914551 0.070697598159313202 0.53238123655319214 0.51031750440597534 -0.33253774046897888 -0.14425937831401825 -0.14970740675926208
-0.24924212694168091 0.42754137516021729 -0.31719338893890381 -0.46049320697784424 0.27844816446304321 -0.15306726098060608 0.18611028790473938 0.530356764793396
0.23117230832576752 -0.31492277979850769 -0.013642703182995319 -0.038320876657962799 -0.20616735517978668 0.18331681191921234 0.041728798300027847 -0.70122897624969482
0.23924371600151062 -0.24645687639713287 -0.24730420112609863 0.19532027840614319 0.00053747411584481597 -0.19754229485988617 -0.76490062475204468 -0.025414038449525833
-0.13419267535209656 -0.72151386737823486 0.077695868909358978 0.50910007953643799 0.45388245582580566 -0.16805200278759003 0.20699825882911682 -0.088691160082817078
-0.015668125823140144 0.42283108830451965 -0.23672626912593842 -0.16498273611068726 0.21020351350307465 -0.22181513905525208 0.14802691340446472 0.42208170890808105
0.24421977996826172 -0.41652846336364746 -0.26664912700653076 -0.061191905289888382 -0.17510086297988892 0.2854953408241272 -0.14070750772953033 -0.5790446400642395
0.18633782863616943 0.16739438474178314 0.14275042712688446 -0.47539433836936951 0.012768368236720562 -0.13043539226055145 -1.6255866289138794 -0.077813953161239624
-0.1885911226272583 -1.3468019962310791 -0.13134060800075531 0.55174934864044189 0.53081750869750977 -0.080038070678710938 0.14741706848144531 -0.24729104340076447
-0.064196161925792694 0.4145740270614624 -0.19673739373683929 -0.32596307992935181 0.16067810356616974 -0.81652373075485229 0.18967494368553162 0.46553581953048706
0.22274954617023468 0.01243275124579668 0.062260225415229797 -0.079639926552772522 0.14348550140857697 0.26125907897949219 -0.069037601351737976 -0.44363024830818176
-0.045007746666669846 -0.14070957899093628 0.15133224427700043 -0.28963446617126465 0.097594566643238068 0.1188921332359314 -2.0072264671325684 -0.0092668160796165466
-0.050658185034990311 -2.4209184646606445 -0.10496304929256439 0.85445493459701538 0.44803133606910706 -0.18974623084068298 0.0081723639741539955 -0.29853558540344238
0.43104150891304016 0.33952689170837402 0.13352157175540924 -0.14797753095626831 0.084532387554645538 -0.89364135265350342 0.070794649422168732 0.82221686840057373
-0.17309956252574921 0.25404372811317444 -0.1438848078250885 0.19689880311489105 -0.18777313828468323 0.060085292905569077 0.045057214796543121 2.5630030632019043
0.016406919807195663 0.040992259979248047 -0.10975521057844162 -0.10547982901334763 -0.19800610840320587 0.00661113066598773 -0.39214774966239929 0.41841286420822144
-0.036005578935146332 -0.24713745713233948 -0.22679597139358521 0.11147505789995193 0.011173497885465622 0.11614906042814255 0.26710721850395203 0.060426890850067139
-0.25406172871589661 -0.23191036283969879 0.025521911680698395 0.32209163904190063 -0.023825753480195999 -0.055621068924665451 0.66736739873886108 0.093083061277866364
-1.1771169900894165 0.29865673184394836 0.21926689147949219 -0.41008472442626953 -0.50049161911010742 -0.084484726190567017 -0.61509537696838379 0.90243852138519287
-0.54196679592132568 -0.35839974880218506 -0.71254801750183105 1.6077262163162231 -0.67330241203308105 0.22382627427577972 0.65090060234069824 -0.095361724495887756
-0.60343694686889648 0.74526822566986084 0.036616198718547821 0.31961432099342346 -1.5356056690216064 0.29820004105567932 -0.30165562033653259 -0.5393865704536438
0.32201594114303589 -0.52159518003463745 0.41257202625274658 0.95089608430862427 -0.25828015804290771 0.4655596911907196 -0.50213611125946045 -0.25978362560272217
-0.28522011637687683 0.24622656404972076 -0.09673868864774704 0.049417868256568909 0.095702856779098511 -0.24045108258724213 -0.018195707350969315 -0.15367664396762848
0.091228894889354706 0.19107475876808167 0.10006428509950638 -0.16600587964057922 0.2962673008441925 -0.035382024943828583 -0.11064126342535019 -0.1963808536529541
0.13318119943141937 0.0482976995408535 0.072950311005115509 -0.30149659514427185 0.03441145271062851 0.17620137333869934 0.29499697685241699 -0.36651203036308289
0.29005876183509827 -0.21243427693843842 -0.1214432567358017 -0.23534557223320007 -0.20574429631233215 -0.19649086892604828 0.052464388310909271 0.43903666734695435
layer 1 32 1 softplus
0.83179152011871338 -0.48069864511489868 0.61868846416473389 -0.44260209798812866 -0.5556902289390564 0.57025599479675293 0.25245094299316406 0.40190395712852478
-0.45902848243713379 -0.34730616211891174 -0.79492491483688354 0.84920138120651245 -0.28379738330841064 -0.14651972055435181 0.79359173774719238 0.59580987691879272
-0.42451894283294678 -0.13790279626846313 0.11500994861125946 0.29200440645217896 -0.20141126215457916 -0.019085528329014778 -0.1072801798582077 0.41629078984260559
-0.1609826534986496 0.60661423206329346 0.43417677283287048 0.37543338537216187 0.63701242208480835 0.37925875186920166 -0.61241567134857178 -0.39818277955055237
-0.31632348895072937
bij_layers 3
layer 8 1 0 shifted_softplus
0.36767902970314026 0.59045064449310303 0.77045726776123047 0.51784300804138184 0.4284287691116333 1.1016093492507935 0.53190886974334717 1.0469391345977783
layer 8 8 0 shifted_softplus
0.84288710355758667 0.79897421598434448 0.82384258508682251 0.60095864534378052 0.69683700799942017 0.86804437637329102 0.6740230917930603 0.60597199201583862
0.88810694217681885 0.53460144996643066 0.7312503457069397 0.53614914417266846 0.69317561388015747 0.75161492824554443 0.77471238374710083 0.53856641054153442
0.6182982325553894 0.58762454986572266 0.70771163702011108 0.67387133836746216 0.76977497339248657 0.56302881240844727 0.58449041843414307 0.69437038898468018
0.66969919204711914 0.54304975271224976 0.79741263389587402 0.58580696582794189 0.87197196483612061 0.55038756132125854 0.70318597555160522 0.61400735378265381
0.88098502159118652 0.53750497102737427 0.73804950714111328 0.53892868757247925 0.56603318452835083 0.69126486778259277 0.73340630531311035 0.83364135026931763
0.62007474899291992 0.83006250858306885 0.77064359188079834 0.54032915830612183 0.66535252332687378 0.79055660963058472 0.86444127559661865 0.76536649465560913
0.68060994148254395 0.5865250825881958 0.66651022434234619 0.71519243717193604 0.68432402610778809 0.54223018884658813 0.72674030065536499 0.53016585111618042
0.73821556568145752 0.68174433708190918 0.54070937633514404 0.60143476724624634 0.77662056684494019 0.79625469446182251 0.67559021711349487 0.86200803518295288
layer 1 8 0 shifted_softplus
0.82428067922592163 0.84610199928283691 0.72993183135986328 0.67849016189575195 0.62298637628555298 0.65940070152282715 0.78379577398300171 0.71074885129928589
end
